70000 1 1 1
Amplitude
1000 20
2000 30
3000 50
1000 70
1000 50
2000 20
3000 -20
3000 -50
2000 -30
3000 -50
1000 0
2000 0
2000 30
3000 70
5000 20
2000 60
1000 30
3000 0
1000 0
2000 -20
3000 20
5000 -50
2000 -70
4000 -60
1000 -20
2000 -20
3000 0
2000 0
2000 20
2000 30
1000 0
Wind
1000 -20
2000 50
3000 30
1000 0
1000 0
2000 -50
3000 -70
3000 -50
2000 0
3000 0
1000 -30
2000 -20
2000 20
3000 40
5000 60
2000 70
1000 50
3000 0
1000 0
2000 10
3000 -20
5000 -50
2000 -70
4000 -10
1000 0
2000 0
3000 30
2000 50
2000 20
2000 10
1000 10
Stars
1000 2100 79 -96 10
1000 1600 65 25 6
3000 2800 18 92 8
5000 2200 94 -37 8
5000 2500 -27 47 5
10000 1700 0 11 1
10000 2800 -62 -103 10
13000 1800 32 -86 8
14000 1700 44 -58 6
16000 2900 62 1 5
20000 2100 -103 -6 8
25000 2000 -37 -11 3
25000 2000 5 -55 5
30000 2100 13 -14 2
34000 1700 29 14 3
40000 1800 59 -44 6
40000 2700 -106 -30 9
42000 2000 -37 67 6
44000 2800 -97 24 8
48000 1100 49 83 8
48000 1100 4 -105 9
55000 2000 29 -82 7
58000 3000 15 106 9
61000 2600 93 -23 8
67000 1300 31 88 8
End