50000 0 1 1
Amplitude
1000 0
1000 0
Wind
1000 10
1000 10
5000 -60
5000 -20
3000 10
5000 50
1000 70
2000 40
6000 -60
8000 -70
3000 0
5000 30
1000 40
4000 40
Stars
1000 1800 -69 68 8
1000 1700 23 -13 3
5000 2200 -90 93 10
10000 3000 -65 -91 9
10000 2600 53 11 5
13000 2400 95 -1 8
14000 2800 -91 -76 10
18000 1500 55 61 7
18500 1100 76 16 6
20000 2800 73 66 8
25000 2500 0 62 5
25000 1100 87 -93 10
27000 2100 57 86 8
28000 1600 -42 -46 5
30000 1800 32 -65 6
34000 1100 75 -23 7
35000 2800 -58 29 5
40000 2100 11 -46 4
42000 2200 58 -15 5
45000 2000 -98 25 8
End