60000 1 1 1
Amplitude
2000 30
3000 40
8000 70
2000 20
5000 20
4000 0
6000 -40
5000 40
2000 -30
1000 30
3000 30
2000 -20
3000 -60
5000 -20
1000 0
3000 60
2000 40
2000 20
1000 -20
Wind
1000 20
3000 50
1000 -20
2000 -50
3000 -70
2000 -50
5000 20
3000 30
1000 30
2000 20
5000 70
4000 60
2000 -10
2000 -30
1000 -30
1000 -40
2000 0
3000 -50
5000 20
2000 40
2000 40
1000 50
2000 30
5000 20
Stars
1000 2300 -60 -6 5
1000 2100 -92 -44 8
4000 2200 84 -75 9
5000 2100 -21 13 2
8000 2900 -81 -21 7
15000 2500 90 -59 9
18000 2500 -33 -89 8
18000 2500 32 -79 7
22000 2900 36 60 6
22000 2500 -72 60 8
25000 2700 -44 -45 5
30000 2100 73 1 6
31000 2300 6 60 5
40000 2700 88 81 10
41000 2200 -75 -14 6
41000 2300 60 -75 8
48000 3000 -91 73 9
50000 2700 -20 -47 4
55000 2300 28 65 6
55000 2300 -76 85 9
End