50000 1 1 1
Amplitude
3000 20
5000 50
2000 0
1000 20
2000 -20
5000 -50
3000 -50
4000 0
2000 20
3000 70
5000 20
4000 -20
3000 -50
3000 -10
5000 0
Wind
2000 40
5000 40
1000 0
5000 0
2000 -30
3000 20
6000 -40
2000 -50
4000 0
5000 50
2000 40
5000 40
3000 0
1000 0
4000 -30
Stars
1000 3400 21 -42 4
1000 3100 -49 -51 6
5000 3500 45 45 5
8000 4100 -16 49 4
8000 3700 23 -37 4
15000 3700 -37 -14 4
18000 4900 20 1 2
25000 4600 -70 27 6
25000 4100 48 -66 7
30000 3500 -13 -68 6
31000 4200 -63 -24 6
32000 3900 -58 70 7
35000 3900 10 -61 5
40000 4900 -10 40 4
44000 5000 -46 -11 4
End