80000 1 1 1
Amplitude
2000 10
1000 30
3000 30
5000 20
1000 0
1000 0
2000 -20
2000 -50
2000 -50
3000 -70
1000 -30
1000 0
1000 0
2000 20
3000 -20
2000 -60
2000 -20
2000 0
1000 20
1000 50
2000 50
3000 70
3000 0
5000 -10
2000 20
2000 -20
1000 30
3000 -30
2000 -50
2000 0
1000 10
3000 40
3000 40
3000 50
2000 0
2000 0
2000 -20
1000 -20
Wind
2000 20
1000 30
3000 30
5000 -50
1000 -70
1000 -60
2000 0
2000 0
2000 20
3000 30
1000 50
1000 50
1000 60
2000 70
3000 20
2000 20
2000 0
2000 0
1000 -20
1000 -30
2000 -50
3000 -10
3000 30
5000 50
2000 0
2000 -20
1000 -30
3000 -60
2000 -50
2000 -40
1000 0
3000 10
3000 20
3000 50
2000 40
2000 0
2000 -40
1000 -20
Stars
1000 2600 58 -108 10
1000 2900 102 -54 9
3000 2100 -23 2 2
5000 2600 -73 -77 9
5000 2200 9 44 4
10000 2500 31 69 6
11000 2700 95 72 10
15000 2400 94 79 10
15000 2900 41 110 10
20000 1900 94 -3 8
25000 1600 -52 -27 5
25000 2400 8 21 2
35000 1100 49 -59 6
36000 2400 -14 93 8
39000 2400 59 -75 8
42000 2200 -12 -96 8
42000 1200 82 -18 7
45000 2100 -74 63 8
50000 2400 -81 -64 8
50000 1900 -57 -18 5
53000 1800 -36 -75 7
54000 1300 -75 -8 6
55000 1700 89 99 11
60000 2800 -20 -15 2
65000 3000 -20 -61 5
66000 2700 54 -92 9
67000 2800 -75 0 6
70000 2400 -31 104 9
75000 1600 -65 -7 6
76000 2400 92 -105 11
End