60000 1 1 1
Amplitude
2000 -20
3000 -30
8000 -50
2000 0
5000 20
4000 60
6000 40
5000 -30
2000 20
1000 0
3000 0
2000 -20
3000 -50
5000 -10
1000 30
3000 -20
2000 30
2000 -20
1000 -20
Wind
1000 10
3000 10
1000 50
2000 50
3000 -30
2000 -40
5000 -40
3000 0
1000 0
2000 50
5000 40
4000 40
2000 30
2000 50
1000 0
1000 0
2000 20
3000 30
5000 40
2000 -20
2000 -30
1000 0
2000 20
5000 0
Stars
1000 2100 -31 -39 4
5000 3000 -63 -14 5
5000 3000 5 75 6
10000 3000 -2 30 3
20000 2400 61 -24 6
23000 2800 32 -42 5
23000 2700 -72 21 6
23000 2800 73 72 8
28000 2100 -71 -86 9
35000 2300 -62 38 6
40000 2500 -4 -10 1
45000 3000 -9 -69 6
45000 2800 90 -74 9
50000 2600 17 -3 2
55000 2200 61 5 5
End