120000 1 1 1
Amplitude
1000 10
3000 20
2000 30
5000 30
1000 50
3000 70
2000 50
2000 10
1000 -20
1000 -30
3000 -50
3000 -70
3000 -70
2000 0
5000 0
1000 50
1000 30
1000 60
2000 70
2000 70
3000 50
3000 70
2000 20
2000 20
5000 -30
5000 -20
4000 -50
4000 -70
4000 -30
1000 -30
1000 0
1000 0
2000 50
2000 50
3000 80
3000 70
2000 70
2000 50
2000 60
1000 30
1000 0
1000 0
3000 -20
2000 -30
2000 -60
2000 -20
3000 -20
1000 0
1000 0
2000 20
2000 30
3000 30
1000 10
Wind
1000 -30
3000 -50
2000 -50
5000 -70
1000 -20
3000 0
2000 20
2000 30
1000 30
1000 50
3000 70
3000 80
3000 0
2000 0
5000 -20
1000 -30
1000 -30
1000 -50
2000 -50
2000 -70
3000 0
3000 70
2000 20
2000 30
5000 20
5000 20
4000 0
4000 0
4000 -40
1000 -40
1000 -50
1000 -70
2000 -60
2000 -60
3000 -20
3000 10
2000 30
2000 20
2000 50
1000 60
1000 60
1000 20
3000 -30
2000 -50
2000 50
2000 -50
3000 0
1000 0
1000 20
2000 30
2000 -10
3000 -30
1000 10
Stars
1000 1200 -81 -76 9
1000 1600 -61 90 9
5000 1100 -28 41 4
6000 1400 12 77 6
8000 1300 -87 -15 7
10000 1100 -61 -56 7
12000 1500 32 -104 9
12000 1300 -22 -1 2
15000 1200 -54 9 5
20000 1900 -82 83 9
20000 1600 17 58 5
22000 1900 107 67 10
24000 1300 37 -73 7
30000 1300 54 -47 6
35000 1300 -9 -27 3
35000 1200 -96 33 8
38000 1300 -30 -93 8
40000 1800 78 -43 7
41000 1900 -37 -82 7
42000 1100 -77 78 9
43000 1900 37 -24 4
48000 1400 48 31 5
53000 1200 109 -10 9
55000 1900 -5 -44 4
60000 1700 76 17 6
60000 1800 -86 -2 7
67000 1900 106 -85 11
69000 1700 12 17 2
72000 1300 37 -28 4
72000 1400 -67 -109 10
80000 1900 -35 74 7
81000 1700 -21 -9 2
82000 1100 68 4 6
83000 1400 -1 -32 3
90000 1300 -95 26 8
95000 1500 -22 106 9
100000 1100 12 98 8
101000 1900 75 16 6
110000 2000 1 -58 5
115000 1500 36 -74 7
End